34
0 11 0 0
0  3 1  2 1  1 1  1 1  0  0 -1
7  0 1  1 1  1 1  1 1  0  0 -1
1  2 1  1 1  1 1  1 1  0  0 -1
0  2 1  1 1  1 1  1 1  0  0 -1
1  3 1  1 1  1 1  1 1  0  0 -1
0  2 1  1 1  1 1  1 1  0  0 -1
0  2 1  1 1  1 1  1 1  0  0 -1
0  2 1  1 1  1 1  1 1  0  0 -1
1  3 1  1 1  1 1  1 1  0  0 -1
0  2 1  1 1  1 1  1 1  0  0 -1

1  1 1  1 1  1 1  1 1  0  0 -1


1 16 150 0
0  2 1  1 1  1 1  1 1  0  0 -1
1  2 1  1 1  1 1  1 1  0  0 -1
0  2 1  1 1  1 1  1 1  0  0 -1
1  3 1  1 1  1 1  1 1  0  0 -1
0  2 1  1 1  1 1  1 1  0  0 -1
1  1 1  1 1  1 1  1 1  0  0 -1
0  2 1  1 1  1 1  1 1  0  0 -1
1  3 1  1 1  1 1  1 1  0  0 -1
0  2 1  1 1  1 1  1 1  0  0 -1
1  2 1  1 1  1 1  1 1  0  0 -1

1  1 1  1 1  1 1  1 1  0  0 -1
0  2 1  1 1  1 1  1 1  0  0 -1
1  2 1  1 1  1 1  1 1  0  0 -1
7  0 1  1 1  1 1  1 1  0  0 -1
0  2 1  1 1  1 1  1 1  0  0 -1
1  1 1  1 1  1 1  1 1  0  0 -1


1 21 250 0
0  2 1  1 1  1 1  1 1  0  0 -1
1  2 1  1 1  1 1  1 1  0  0 -1
3  2 1  1 1  1 1  1 1  0  0 -1
1  3 1  1 1  1 1  1 1  0  0 -1
0  2 1  1 1  1 1  1 1  0  0 -1
0  1 1  1 1  1 1  1 1  0  0 -1
3  2 1  1 1  1 1  1 1  0  0 -1
1  3 1  1 1  1 1  1 1  0  0 -1
0  2 1  1 1  1 1  1 1  0  0 -1
1  2 1  1 1  1 1  1 1  0  0 -1

3  1 1  1 1  1 1  1 1  0  0 -1
0  2 1  1 1  1 1  1 1  0  0 -1
1  2 1  1 1  1 1  1 1  0  0 -1
0  2 1  1 1  1 1  1 1  0  0 -1
0  1 1  1 1  1 1  1 1  0  0 -1
3  3 2  1 1  1 1  1 1  0  0 -1
0  2 1  1 1  1 1  1 1  0  0 -1
7  0 1  1 1  1 1  1 1  0  0 -1
1  2 1  1 1  1 1  1 1  0  0 -1
0  2 1  1 1  1 1  1 1  0  0 -1

3  1 1  1 1  1 1  1 1  0  0 -1


0 26 0 1
0  2 1  1 1  1 1  1 1  0  0 -1
1  2 1  1 1  1 1  1 1  0  0 -1
3  2 1  1 1  1 1  1 1  0  0 -1
1  3 1  1 1  1 1  1 1  0  0 -1
0  2 1  1 1  1 1  1 1  0  0 -1
0  1 1  1 1  1 1  1 1  0  0 -1
3  2 1  1 1  1 1  1 1  0  0 -1
1  3 1  1 1  1 1  1 1  0  0 -1
0  2 1  1 1  1 1  1 1  0  0 -1
1  2 1  1 1  1 1  1 1  0  0 -1

3  3 2  1 1  1 1  1 1  0  0 -1
0  2 1  1 1  1 1  1 1  0  0 -1
7  0 1  1 1  1 1  1 1  0  0 -1
1  2 1  1 1  1 1  1 1  0  0 -1
0  2 1  1 1  1 1  1 1  0  0 -1
0  1 1  1 1  1 1  1 1  0  0 -1
3  1 1  1 1  1 1  1 1  0  0 -1
0  2 1  1 1  1 1  1 1  0  0 -1
1  2 1  1 1  1 1  1 1  0  0 -1
0  2 1  1 1  1 1  1 1  0  0 -1

3  1 1  1 1  1 1  1 1  0  0 -1
1  2 1  1 1  1 1  1 1  0  0 -1
0  2 1  1 1  1 1  1 1  0  0 -1
0  1 1  1 1  1 1  1 1  0  0 -1
3  4 1  1 1  1 1  1 1  0  0 -1
0  2 1  1 1  1 1  1 1  0  0 -1


1 31 750 1
0  2 1  6 5  1 1  7 6  0  0 -1
1  2 1  1 1  5 4  1 1  0  0 -1
3  2 1  6 5  1 1  1 1  0  0 -1
1  3 1  1 1  1 1  1 1  0  0 -1
0  2 1  1 1  1 1  1 1  0  0 -1
0  2 1  1 1  9 8  1 1  0  0 -1
3  2 1  1 1  1 1  1 1  0  0 -1
1  3 1  1 1  1 1  1 1  0  0 -1
0  2 1  6 5  1 1  1 1  0  0 -1
7  0 1  1 1  1 1  1 1  0  0 -1

1  2 1  1 1  1 1  8 7  0  0 -1
3  3 1  1 1  1 1  1 1  0  0 -1
0  2 1  1 1  3 2  1 1  0  0 -1
1  2 1  7 5  1 1  1 1  0  0 -1
0  2 1  1 1  1 1  1 1  0  0 -1
0  1 1  6 5  1 1  1 1  0  0 -1
3  3 1  1 1  1 1  1 1  0  0 -1
0  2 1  1 1  5 3  1 1  0  0 -1
1  2 1  1 1  1 1  1 1  0  0 -1
0  2 1  9 8  1 1  5 4  0  0 -1

3  1 1  1 1  1 1  1 1  0  0 -1
1  2 1  1 1  5 4  1 1  0  0 -1
0  2 1  1 1  1 1  1 1  0  0 -1
0  1 1  1 1  1 1  1 1  0  0 -1
3  1 1  1 1  9 8  1 1  0  0 -1
0  2 1  1 1  1 1  1 1  0  0 -1
3  2 1  8 5  1 1  1 1  0  0 -1
1  3 1  1 1  1 1  9 7  0  0 -1
0  2 1  1 1  1 1  1 1  0  0 -1
0  1 1  1 1  1 1  1 1  0  0 -1

3  2 1  1 1  5 3  1 1  0  0 -1


2 11 1200 0
0  1 1  1 1  1 1  1 1  0  0 -1
0  5 4  5 4  5 4  1 1  0  0 -1
1  3 2  1 1  1 1  1 1  0  0 -1
0  3 2  7 4  7 5  1 1  0  0 -1
3  1 1  1 1  1 1  1 1  0  0 -1
0  2 1  6 5  5 3  6 5  0  0 -1
1  4 3  6 5  9 7  1 1  0  0 -1
1  5 3  7 4  7 5  7 6  0  0 -1
3  5 2  7 5  8 5  6 7  0  0 -1
0  2 1  6 5  5 3  6 5  0  0 -1

7  0 1  1 1  1 1  3 4  0  0 -1

1 42 900 1
0  1 1  1 1  1 1  1 1  0  0 -1
0  4 3  5 4  5 4  1 1  0  0 -1
1  3 1  1 1  1 1  1 1  0  0 -1
0  2 1  7 4  7 5  7 5  0  0 -1
3  2 1  3 2  1 1  1 1  0  0 -1
0  2 1  1 1  1 1  1 1  0  0 -1
0  3 2  5 4  5 4  1 1  0  0 -1
1  2 1  1 1  1 1  1 1  0  0 -1
0  2 1  7 4  7 5  7 5  0  0 -1
7  0 1  1 1  1 1  1 1  0  0 -1

0  2 1  6 5  5 3  6 5  0  0 -1
1  1 1  6 5  9 7  1 1  0  0 -1
1  2 1  7 4  7 5  7 6  0  0 -1
3  3 1  7 5  8 5  6 7  0  0 -1
0  3 2  1 1  1 1  1 1  0  0 -1
0  1 1  5 4  5 4  1 1  0  0 -1
1  2 1  1 1  1 1  1 1  0  0 -1
0  2 1  7 4  7 5  7 5  0  0 -1
3  2 1  1 1  1 1  1 1  0  0 -1
0  2 1  6 5  5 3  6 5  0  0 -1

1  5 3  6 5  9 7  1 1  0  0 -1
1  2 1  7 4  7 5  7 6  0  0 -1
3  3 1  7 5  8 5  6 7  0  0 -1
0  1 1  5 3  1 1  1 1  0  0 -1
0  4 3  5 4  5 4  1 1  0  0 -1
1  2 1  1 1  1 1  1 1  0  0 -1
0  2 1  7 4  7 5  7 5  0  0 -1
3  2 1  1 1  1 1  1 1  0  0 -1
0  2 1  6 5  5 3  6 5  0  0 -1
1  1 1  6 5  9 7  1 1  0  0 -1

7  0 1  1 1  1 1  1 1  0  0 -1
1  2 1  7 4  7 5  7 6  0  0 -1
3  3 1  7 5  8 5  6 7  0  0 -1
0  1 1  1 1  1 1  1 1  0  0 -1
0  1 1  5 4  5 4  1 1  0  0 -1
1  2 1  1 1  1 1  1 1  0  0 -1
0  2 1  7 4  7 5  7 5  0  0 -1
3  2 1  1 1  1 1  1 1  0  0 -1
0  3 2  6 5  5 3  6 5  0  0 -1
1  1 1  6 5  9 7  1 1  0  0 -1

1  2 1  7 4  7 5  7 6  0  0 -1
3  3 1  7 5  8 5  6 7  0  0 -1


2 12 2200 1
0  1 1  1 1  1 1  1 1  0  0 -1
1  1 1  1 1  1 1  1 1  0  0 -1
3  2 1  1 1  1 1  1 1  0  0 -1
0  3 2  5 4  5 4  1 1  0  0 -1
1  2 1  3 2  4 3  1 1  0  0 -1
0  2 1  7 4  7 5  7 5  0  0 -1
3  3 2  6 5  7 6  8 7  0  0 -1
0  2 1  6 5  5 3  6 5  0  0 -1
1  2 1  6 5  9 7  1 1  0  0 -1
1  2 1  7 4  7 5  7 6  0  0 -1

7  0 1  1 1  1 1  1 1  0  0 -1
3  4 1  7 5  8 5  6 7  0  0 -1


1 52 800 0
0  1 1  1 1  1 1  1 1  0  0 -1
2  2 1  1 1  1 1  1 1  0  0 -1
0  1 1  5 4  5 4  1 1  0  0 -1
1  2 1  1 1  1 1  1 1  0  0 -1
0  2 1  7 4  7 5  7 5  0  0 -1
3  2 1  3 2  1 1  1 1  0  0 -1
2  1 1  1 1  1 1  6 5  0  0 -1
0  3 2  1 1  5 4  1 1  0  0 -1
0  1 1  5 4  5 4  1 1  0  0 -1
1  2 1  1 1  1 1  1 1  0  0 -1

0  2 1  7 4  7 5  7 5  0  0 -1
0  2 1  6 5  5 3  6 5  0  0 -1
1  1 1  6 5  9 7  1 1  0  0 -1
1  2 1  7 4  7 5  7 6  0  0 -1
3  3 1  7 5  8 5  6 7  0  0 -1
7  0 1  1 1  1 1  1 1  0  0 -1
2  1 1  1 1  1 1  1 1  0  0 -1
0  3 2  1 1  1 1  1 1  0  0 -1
0  1 1  5 4  5 4  1 1  0  0 -1
1  2 1  1 1  1 1  1 1  0  0 -1

2  1 1  2 1  1 1  1 1  0  0 -1
0  2 1  7 4  7 5  7 5  0  0 -1
3  2 1  1 1  1 1  1 1  0  0 -1
2  1 1  1 1  1 1  1 1  0  0 -1
0  2 1  6 5  5 3  6 5  0  0 -1
1  1 1  6 5  9 7  1 1  0  0 -1
1  2 1  7 4  7 5  7 6  0  0 -1
3  3 1  7 5  8 5  6 7  0  0 -1
2  1 1  1 1  4 3  1 1  0  0 -1
0  2 1  5 3  1 1  5 4  0  0 -1

0  1 1  5 4  5 4  1 1  0  0 -1
1  2 1  1 1  1 1  1 1  0  0 -1
0  2 1  7 4  7 5  7 5  0  0 -1
3  2 1  1 1  1 1  1 1  0  0 -1
0  2 1  6 5  5 3  6 5  0  0 -1
1  1 1  6 5  9 7  1 1  0  0 -1
1  2 1  7 4  7 5  7 6  0  0 -1
2  1 1  1 1  1 1  1 1  0  0 -1
3  3 1  7 5  8 5  6 7  0  0 -1
0  1 1  1 1  1 1  1 1  0  0 -1

2  1 1  1 1  1 1  1 1  0  0 -1
0  1 1  5 4  5 4  1 1  0  0 -1
1  2 1  1 1  1 1  1 1  0  0 -1
0  2 1  7 4  7 5  7 5  0  0 -1
3  2 1  1 1  1 1  1 1  0  0 -1
2  1 1  5 4  5 4  1 1  0  0 -1
0  2 1  6 5  5 3  6 5  0  0 -1
1  1 1  6 5  9 7  1 1  0  0 -1
1  2 1  7 4  7 5  7 6  0  0 -1
2  1 1  4 3  4 3  1 1  0  0 -1

3  3 1  7 5  8 5  6 7  0  0 -1
7  0 1  1 1  1 1  1 1  0  0 -1

1 53 1250 1
0  1 1  1 1  1 1  1 1  0  1 -1
2  2 1  1 1  1 1  1 1  0  0 -1
0  1 1  5 4  5 4  1 1  0  1 -1
1  2 1  1 1  1 1  1 1  0  0 -1
0  2 1  7 4  7 5  7 5  0  0 -1
3  2 1  3 2  1 1  1 1  0  1 -1
2  1 1  1 1  1 1  6 5  0  0 -1
0  2 1  1 1  5 4  1 1  0  0 -1
0  1 1  5 4  5 4  1 1  0  0 -1
1  2 1  1 1  1 1  1 1  0  0 -1

0  2 1  7 4  7 5  7 5  0  1 -1
0  2 1  6 5  5 3  6 5  0  0 -1
1  1 1  6 5  9 7  1 1  0  1 -1
7  0 1  1 1  1 1  1 1  0  0 -1
1  2 1  7 4  7 5  7 6  0  0 -1
3  3 1  7 5  8 5  6 7  0  0 -1
2  1 1  1 1  1 1  1 1  0  1 -1
0  2 1  1 1  1 1  1 1  0  0 -1
0  1 1  5 4  5 4  1 1  0  0 -1
1  2 1  1 1  1 1  1 1  0  0 -1

0  1 1  2 1  1 1  1 1  0  1 -1
0  2 1  7 4  7 5  7 5  0  0 -1
3  2 1  1 1  1 1  1 1  0  0 -1
2  1 1  1 1  1 1  1 1  0  1 -1
0  2 1  6 5  5 3  6 5  0  1 -1
7  0 1  1 1  1 1  1 1  0  0 -1
1  1 1  6 5  9 7  1 1  0  0 -1
1  2 1  7 4  7 5  7 6  0  0 -1
3  3 1  7 5  8 5  6 7  0  1 -1
2  1 1  1 1  4 3  1 1  0  0 -1

0  2 1  5 3  1 1  5 4  0  1 -1
0  1 1  5 4  5 4  1 1  0  0 -1
1  2 1  1 1  1 1  1 1  0  0 -1
0  2 1  7 4  7 5  7 5  0  1 -1
3  2 1  1 1  1 1  1 1  0  0 -1
0  2 1  6 5  5 3  6 5  0  1 -1
1  1 1  6 5  9 7  1 1  0  1 -1
1  2 1  7 4  7 5  7 6  0  0 -1
1  1 1  1 1  1 1  1 1  0  1 -1
3  3 1  7 5  8 5  6 7  0  0 -1

0  1 1  1 1  1 1  1 1  0  0 -1
2  3 2  1 1  1 1  1 1  0  0 -1
0  1 1  5 4  5 4  1 1  0  1 -1
1  2 1  1 1  1 1  1 1  0  0 -1
0  2 1  7 4  7 5  7 5  0  1 -1
3  2 1  1 1  1 1  1 1  0  1 -1
2  1 1  5 4  5 4  1 1  0  0 -1
0  2 1  6 5  5 3  6 5  0  0 -1
1  1 1  6 5  9 7  1 1  0  1 -1
7  0 1  1 1  1 1  1 1  0  0 -1

1  2 1  7 4  7 5  7 6  0  0 -1
2  1 1  4 3  4 3  1 1  0  0 -1
3  3 1  7 5  8 5  6 7  0  1 -1



0 37 0 1
0  1 1  3 2  1 1  4 3  0  1 -1
1  1 1  3 2  5 3  1 1  0  0 -1
3  2 1  1 1  1 1  5 3  0  1 -1
0  3 2  5 4  5 4  1 1  0  0 -1
1  2 1  3 2  4 3  1 1  0  1 -1
2  1 1  5 3  8 3  4 3  0  0 -1
0  2 1  7 4  7 5  7 5  0  0 -1
3  3 2  6 5  7 6  8 7  0  1 -1
0  2 1  6 5  5 3  6 5  0  0 -1
1  2 1  6 5  9 5  1 1  0  0 -1

1  2 1  7 4  7 4  7 6  0  1 -1
3  4 1  7 5  8 5  6 7  0  0 -1
0  1 1  2 1  1 1  1 1  0  0 -1
1  1 1  2 3  9 2  5 3  0  1 -1
3  2 1  8 5  1 1  4 3  0  0 -1
0  3 2  5 4  5 4  1 1  0  1 -1
1  2 1  3 2  4 3  7 4  0  1 -1
0  2 1  7 4  7 5  7 5  0  1 -1
7  0 1  1 1  1 1  1 1  0  0 -1
3  3 2  6 5  7 6  8 7  0  0 -1

0  2 1  6 5  5 3  6 5  0  0 -1
1  2 1  6 5  9 7  1 1  0  1 -1
1  2 1  7 4  7 5  7 6  0  0 -1
3  4 1  7 5  8 5  6 7  0  0 -1
0  1 1  2 1  1 1  1 1  0  0 -1
1  1 1  4 3  1 1  4 3  0  1 -1
3  2 1  2 3  8 3  6 5  0  1 -1
0  3 2  5 4  5 4  1 1  0  0 -1
1  2 1  3 2  4 3  7 5  0  1 -1
0  2 1  7 4  7 5  7 5  0  0 -1

2  2 1  4 3  4 3  6 5  0  0 -1
7  0 1  1 1  1 1  1 1  0  0 -1
0  2 1  7 5  5 3  6 5  0  0 -1
1  2 1  6 5  9 7  1 1  0  1 -1
1  2 1  7 4  7 5  7 6  0  1 -1
3  4 1  7 5  8 5  6 7  0  0 -1
2  1 1  4 3  7 3  1 1  0  0 -1


1 59 1500 1
0  1 1  3 2  1 1  4 3  0  1 -1
1  1 1  3 2  5 3  1 1  1  0 -1
3  2 1  4 3  1 1  5 3  1  1 -1
0  3 2  5 4  5 4  6 5  0  0 -1
1  2 1  3 2  4 3  1 1  0  1 -1
0  2 1  7 4  7 5  7 5  0  0 -1
7  0 1  1 1  1 1  1 1  0  0 -1
3  3 2  6 5  7 6  8 7  0  1 -1
0  2 1  6 5  5 3  6 5  0  0 -1
1  2 1  6 5  9 5  1 1  1  0 -1

1  2 1  7 4  7 4  7 6  0  1 -1
3  4 1  7 5  8 5  6 7  0  0 -1
0  1 1  2 1  4 3  5 4  1  0 -1
1  1 1  2 3  9 2  5 3  0  1 -1
3  2 1  8 5  1 1  4 3  0  0 -1
2  3 2  4 3  4 3  1 1  0  0 -1
1  2 1  3 2  4 3  7 4  1  0 -1
0  2 1  7 4  7 5  7 5  0  1 -1
3  3 2  6 5  7 6  8 7  0  0 -1
0  2 1  6 5  5 3  6 5  1  0 -1

1  2 1  6 5  9 7  1 1  0  1 -1
1  2 1  7 4  7 5  7 6  0  0 -1
3  4 1  7 5  8 5  6 7  0  0 -1
0  1 1  2 1  5 4  1 1  1  0 -1
1  1 1  4 3  1 1  4 3  0  1 -1
3  2 1  2 3  8 3  6 5  0  1 -1
0  3 2  5 4  5 4  1 1  0  0 -1
1  2 1  3 2  4 3  7 5  1  1 -1
0  2 1  7 4  7 5  7 5  0  0 -1
3  3 2  6 5  7 6  8 7  1  1 -1

7  0 1  1 1  1 1  1 1  0  0 -1
0  2 1  7 5  5 3  6 5  0  0 -1
1  2 1  6 5  9 7  1 1  0  0 -1
1  2 1  7 4  7 5  7 6  0  1 -1
3  4 1  7 5  8 5  6 7  1  0 -1
1  2 1  6 5  9 7  1 1  0  0 -1
1  2 1  7 4  7 5  7 6  0  1 -1
3  4 1  7 5  8 5  6 7  1  0 -1
1  2 1  7 4  7 5  7 6  0  0 -1
3  4 1  7 5  8 5  6 7  0  0 -1

0  1 1  2 1  1 1  1 1  1  0 -1
1  1 1  4 3  1 1  4 3  0  1 -1
3  2 1  3 4  8 3  6 5  0  1 -1
0  3 2  5 4  5 4  1 1  0  0 -1
1  2 1  3 2  4 3  7 5  1  1 -1
7  0 1  1 1  1 1  1 1  0  0 -1
0  2 1  7 4  7 5  7 5  0  0 -1
3  3 2  6 5  7 6  8 7  1  1 -1
0  2 1  7 5  5 3  6 5  0  0 -1
1  2 1  7 4  7 5  7 6  0  0 -1

3  4 1  7 5  8 5  6 7  0  0 -1
0  1 1  5 2  4 3  1 1  1  0 -1
1  1 1  4 3  1 1  4 3  0  1 -1
3  2 1  2 3  8 3  6 5  0  1 -1
0  3 2  5 4  5 4  1 1  0  0 -1
1  2 1  3 2  4 3  7 5  1  1 -1
2  1 1  7 3  7 3  1 1  0  0 -1
3  3 2  6 5  7 6  8 7  1  1 -1
0  2 1  7 5  5 3  6 5  0  0 -1


0 40 0 1
2  1 1  4 3  4 3  1 1  0  0 -1
2  3 2  4 3  4 3  1 1  0  0 -1
2  2 1  4 3  4 3  1 1  0  0 -1
2  5 2  4 3  4 3  1 1  0  0 -1
2  2 1  4 3  4 3  1 1  0  0 -1
2  1 1  4 3  4 3  1 1  0  0 -1
2  7 2  4 3  4 3  1 1  0  0 -1
2  4 3  4 3  4 3  1 1  0  0 -1
2  3 1  4 3  4 3  1 1  0  0 -1
2  1 1  4 3  4 3  1 1  0  0 -1

2  1 1  5 3  5 3  1 1  0  0 -1
2  3 2  5 3  5 3  1 1  0  0 -1
2  2 1  5 3  5 3  1 1  0  0 -1
2  5 2  5 3  5 3  1 1  0  0 -1
2  2 1  5 3  5 3  1 1  0  0 -1
2  1 1  5 3  5 3  1 1  0  0 -1
2  3 2  5 3  5 3  1 1  0  0 -1
2  2 1  5 3  5 3  1 1  0  0 -1
2  5 2  5 3  5 3  1 1  0  0 -1
2  2 1  5 3  5 3  1 1  0  0 -1

2  1 1  6 3  5 3  1 1  0  0 -1
2  3 2  6 3  5 3  1 1  0  0 -1
2  2 1  6 3  5 3  1 1  0  0 -1
2  5 2  6 3  5 3  1 1  0  0 -1
2  2 1  6 3  5 3  1 1  0  0 -1
2  1 1  6 3  5 3  1 1  0  0 -1
2  3 2  6 3  5 3  1 1  0  0 -1
2  2 1  6 3  5 3  1 1  0  0 -1
2  5 2  6 3  5 3  1 1  0  0 -1
2  2 1  6 3  5 3  1 1  0  0 -1


2  1 1  7 3  5 3  1 1  0  0 -1
2  3 2  7 3  5 3  1 1  0  0 -1
2  2 1  7 3  5 3  1 1  0  0 -1
2  5 2  7 3  5 3  1 1  0  0 -1
2  2 1  7 3  5 3  1 1  0  0 -1
2  1 1  7 3  5 3  1 1  0  0 -1
2  3 2  7 3  5 3  1 1  0  0 -1
2  2 1  7 3  5 3  1 1  0  0 -1
2  5 2  7 3  5 3  1 1  0  0 -1
2  2 1  7 3  5 3  1 1  0  0 -1


2 13 3000 1
0  1 1  5 4  5 4  1 1  0  0 -1
1  1 1  5 4  5 4  6 5  0  1 -1
3  2 1  7 5  6 5  6 5  0  0 -1
0  3 2  7 6  7 4  1 1  0  1 -1
2  4 3  4 3  4 3  1 1  0  0 -1
1  2 1  3 2  4 3  1 1  1  0 -1
0  2 1  7 4  7 5  7 5  0  1 -1
3  3 2  6 5  7 6  8 7  1  0 -1
0  2 1  6 5  5 3  6 5  1  0 -1
1  2 1  6 5  9 7  1 1  0  1 -1

1  2 1  7 4  7 5  7 6  0  1 -1
7  0 1  1 1  1 1  1 1  0  0 -1
3  3 1  6 5  9 4  6 7  1  1 -1


1 20 8000 1

3  3 2  6 5  6 5  4 5  0  0 32
3  3 2  6 5  6 5  4 5  0  0 5
3  3 2  6 5  6 5  4 5  0  0 29
3  3 2  6 5  6 5  4 5  0  0 9
3  3 2  6 5  6 5  4 5  0  0 25
3  3 2  6 5  6 5  4 5  0  0 32
3  3 2  6 5  6 5  4 5  0  0 5
3  3 2  6 5  6 5  4 5  0  0 29
3  3 2  6 5  6 5  4 5  0  0 9
3  3 2  6 5  6 5  4 5  0  0 25

3  1 1  6 5  6 5  4 5  0  0 21
3  1 1  6 5  6 5  4 5  0  0 16
3  1 1  6 5  6 5  4 5  0  0 16
3  1 1  6 5  6 5  4 5  0  0 2
3  1 1  6 5  6 5  4 5  0  0 13
3  1 1  6 5  6 5  4 5  0  0 21
3  1 1  6 5  6 5  4 5  0  0 16
3  1 1  6 5  6 5  4 5  0  0 16
3  1 1  6 5  6 5  4 5  0  0 2
8  5 1  1 3  4 1  3 1  0  0 34


1 69 850 0
5  1 1  1 1  1 1  1 1  0  0  16
2  1 1  4 3  7 3  1 1  0  0 -1
1  1 1  3 2  5 3  1 1  1  0 -1
3  2 1  4 3  1 1  5 3  1  1 -1
0  3 2  5 4  5 4  6 5  0  0 -1
1  2 1  3 2  4 3  1 1  0  1 -1
0  2 1  7 4  7 5  7 5  0  0 -1
3  3 2  6 5  7 6  8 7  0  1 -1
5  1 1  1 1  1 1  1 1  0  0  4
0  2 1  6 5  5 3  6 5  0  0 -1

1  2 1  6 5  9 5  1 1  1  0 -1
1  2 1  7 4  7 4  7 6  0  1 -1
3  4 1  7 5  8 5  6 7  0  0 -1
0  1 1  2 1  4 3  5 4  1  0 -1
1  1 1  2 3  9 2  5 3  0  1 -1
5  1 1  1 1  1 1  1 1  0  0  18
3  2 1  8 5  3 2  4 3  0  0 -1
2  3 2  4 3  4 3  1 1  0  0 -1
1  2 1  3 2  4 3  7 4  1  0 -1
0  2 1  7 4  7 5  7 5  0  1 -1

7  0 1  1 1  1 1  1 1  0  0 -1
3  3 2  6 5  7 6  8 7  0  0 -1
0  2 1  6 5  5 3  6 5  1  0 -1
1  2 1  6 5  9 7  1 1  0  1 -1
1  2 1  7 4  7 5  7 6  0  0 -1
3  4 1  7 5  8 5  6 7  0  0 -1
2  1 1  7 3  7 3  1 1  0  0 -1
5  1 1  1 1  1 1  1 1  0  0  27
0  1 1  2 1  5 4  1 1  1  0 -1
1  1 1  4 3  1 1  4 3  0  1 -1

3  2 1  2 3  8 3  6 5  0  1 -1
7  0 1  1 1  1 1  1 1  0  0 -1
0  3 2  5 4  5 4  1 1  0  0 -1
1  2 1  3 2  4 3  7 5  1  1 -1
5  1 1  1 1  1 1  1 1  0  0 -1
0  2 1  7 4  7 5  7 5  0  0 -1
3  3 2  6 5  7 6  8 7  1  1 -1
0  2 1  7 5  5 3  6 5  0  0 -1
1  2 1  6 5  9 7  1 1  0  0 -1
1  2 1  7 4  7 5  7 6  0  1 -1

3  4 1  7 5  8 5  6 7  1  0 -1
5  1 1  1 1  1 1  1 1  0  0 -1
1  2 1  6 5  9 7  1 1  0  0 -1
1  2 1  7 4  7 5  7 6  0  1 -1
3  4 1  7 5  8 5  6 7  1  0 -1
1  2 1  7 4  7 5  7 6  0  0 -1
3  4 1  7 5  8 5  6 7  0  0 -1
2  1 1  7 3  7 3  1 1  0  0 -1
0  1 1  2 1  3 2  1 1  1  0 -1
1  1 1  4 3  1 1  4 3  0  1 -1

3  2 1  3 4  8 3  6 5  0  1 -1
0  3 2  5 4  5 4  1 1  0  0 -1
7  0 1  1 1  1 1  1 1  0  0 -1
5  1 1  1 1  1 1  1 1  0  0 -1
1  2 1  3 2  4 3  7 5  1  1 -1
0  2 1  7 4  7 5  7 5  0  0 -1
3  3 2  6 5  7 6  8 7  1  1 -1
0  2 1  7 5  5 3  6 5  0  0 -1
1  2 1  7 4  7 5  7 6  0  0 -1
3  4 1  7 5  8 5  6 7  0  0 -1

0  1 1  5 2  4 3  1 1  1  0 -1
5  1 1  1 1  1 1  1 1  0  0  5
1  1 1  4 3  1 1  4 3  0  1 -1
3  2 1  2 3  8 3  6 5  0  1 -1
0  3 2  5 4  5 4  1 1  0  0 -1
1  2 1  3 2  4 3  7 5  1  1 -1
2  1 1  5 3  5 3  1 1  0  0 -1
3  3 2  6 5  7 6  8 7  1  1 -1
0  2 1  7 5  5 3  6 5  0  0 -1


2 15 4000 0
0  1 1  5 4  5 4  1 1  0  0 -1
1  1 1  5 4  5 4  6 5  0  1 -1
3  2 1  7 5  6 5  6 5  0  0 -1
0  3 2  7 6  7 4  1 1  0  1 -1
2  4 3  4 3  4 3  1 1  0  0 -1
1  2 1  3 2  4 3  1 1  1  0 -1
0  2 1  7 4  7 5  7 5  0  1 -1
3  3 2  6 5  7 6  8 7  1  0 -1
0  2 1  6 5  5 3  6 5  1  0 -1
1  2 1  6 5  9 7  1 1  0  1 -1

5  1 1  1 1  1 1  1 1  0  0 -1
2  2 3  4 3  5 3  4 3  0  0 -1
7  0 1  1 1  1 1  1 1  0  0 -1
1  2 1  7 4  7 5  7 6  0  1 -1
3  3 1  6 5  9 4  6 7  1  1 -1


1 84 1000 0
5  1 1  1 1  1 1  1 1  0  0 -1
2  1 1  4 3  7 3  1 1  0  0 -1
1  1 1  3 2  5 3  1 1  1  0 -1
3  2 1  4 3  2 1  5 3  1  1 -1
0  3 2  5 4  5 4  6 5  0  0 -1
4  1 1  1 1  1 1  1 1  0  9 -1
1  2 1  3 2  4 3  1 1  0  1 -1
0  2 1  7 4  7 5  7 5  0  0 -1
3  3 2  6 5  7 6  8 7  0  1 -1
5  1 1  1 1  1 1  1 1  0  0 -1

0  2 1  6 5  5 3  6 5  0  0 -1
1  2 1  6 5  9 5  1 1  1  0 -1
1  2 1  7 4  7 4  7 6  0  1 -1
3  4 1  7 5  8 5  6 7  0  0 -1
0  1 1  2 1  4 3  5 4  1  0 -1
1  1 1  2 3  9 2  5 3  0  1 -1
5  1 1  1 1  1 1  1 1  0  0 -1
3  2 1  8 5  3 2  4 3  0  0 -1
2  3 2  4 3  4 3  1 1  0  0 -1
1  2 1  3 2  4 3  7 4  1  0 -1

7  0 1  1 1  1 1  1 1  0  0 -1
4  1 1  1 1  1 1  5 4  0  9 -1
0  2 1  7 4  7 5  7 5  0  1 -1
3  3 2  6 5  7 6  8 7  0  0 -1
0  2 1  6 5  5 3  6 5  1  0 -1
1  2 1  6 5  9 7  1 1  0  1 -1
1  2 1  7 4  7 5  7 6  0  0 -1
3  4 1  7 5  8 5  6 7  0  0 -1
2  1 1  7 3  7 3  1 1  0  0 -1
5  1 1  1 1  1 1  1 1  0  0 -1

0  1 1  2 1  5 4  1 1  1  0 -1
1  1 1  4 3  1 1  4 3  0  1 -1
4  1 1  4 3  4 3  1 1  0  9 -1
3  2 1  2 3  8 3  6 5  0  1 -1
0  3 2  5 4  5 4  1 1  0  0 -1
1  2 1  3 2  4 3  7 5  1  1 -1
5  1 1  1 1  1 1  1 1  0  0 -1
0  2 1  7 4  7 5  7 5  0  0 -1
3  3 2  6 5  7 6  8 7  1  1 -1
0  2 1  7 5  5 3  6 5  0  0 -1

1  2 1  6 5  9 7  1 1  0  0 -1
7  0 1  1 1  1 1  1 1  0  0 -1
4  1 1  4 3  5 4  1 1  0  9 -1
1  2 1  7 4  7 5  7 6  0  1 -1
3  4 1  7 5  8 5  6 7  1  0 -1
5  1 1  1 1  1 1  1 1  0  0 -1
1  2 1  6 5  9 7  1 1  0  0 -1
1  2 1  7 4  7 5  7 6  0  1 -1
3  4 1  7 5  8 5  6 7  1  0 -1
1  2 1  7 4  7 5  7 6  0  0 -1

3  4 1  7 5  8 5  6 7  0  0 -1
2  1 1  7 3  7 3  1 1  0  0 -1
0  1 1  2 1  3 2  1 1  1  0 -1
1  1 1  4 3  1 1  4 3  0  1 -1
4  1 1  4 3  5 4  1 1  0  9 -1
3  2 1  3 4  8 3  6 5  0  1 -1
0  3 2  5 4  5 4  1 1  0  0 -1
5  1 1  1 1  1 1  1 1  0  0 -1
1  2 1  3 2  4 3  7 5  1  1 -1
0  2 1  7 4  7 5  7 5  0  0 -1

3  3 2  6 5  7 6  8 7  1  1 -1
0  2 1  7 5  5 3  6 5  0  0 -1
7  0 1  1 1  1 1  1 1  0  0 -1
1  2 1  7 4  7 5  7 6  0  0 -1
3  4 1  7 5  8 5  6 7  0  0 -1
0  1 1  5 2  4 3  1 1  1  0 -1
5  1 1  1 1  1 1  1 1  0  0 -1
1  1 1  4 3  1 1  4 3  0  1 -1
3  2 1  2 3  8 3  6 5  0  1 -1
0  3 2  5 4  5 4  1 1  0  0 -1

1  2 1  3 2  4 3  7 5  1  1 -1
2  1 1  5 3  5 3  1 1  0  0 -1
3  3 2  6 5  7 6  8 7  1  1 -1
0  2 1  7 5  5 3  6 5  0  0 -1
1  2 1  7 4  7 5  7 6  0  0 -1
3  4 1  7 5  8 5  6 7  0  0 -1
0  1 1  5 2  4 3  1 1  1  0 -1
5  1 1  1 1  1 1  1 1  0  0 -1
1  1 1  4 3  1 1  4 3  0  1 -1
3  2 1  2 3  8 3  6 5  0  1 -1

7  0 1  1 1  1 1  1 1  0  0 -1
0  3 2  5 4  5 4  1 1  0  0 -1
1  2 1  3 2  4 3  7 5  1  1 -1
2  1 1  5 3  5 3  1 1  0  0 -1

2 17 6000 1
0  1 1  5 4  5 4  1 1  0  0 -1
1  1 1  5 4  5 4  6 5  0  1 -1
3  2 1  7 5  6 5  6 5  0  0 -1
0  3 2  7 6  7 4  1 1  0  1 -1
2  4 3  4 3  4 3  1 1  0  0 -1
4  1 1  1 1  1 1  1 1  0  0 -1
1  2 1  3 2  4 3  1 1  1  0 -1
0  2 1  7 4  7 5  7 5  0  1 -1
3  3 2  6 5  7 6  8 7  1  0 -1
0  2 1  6 5  5 3  6 5  1  0 -1

1  2 1  6 5  9 7  1 1  0  1 -1
5  1 1  1 1  1 1  1 1  0  0 -1
2  2 3  4 3  5 3  4 3  0  0 -1
7  0 1  1 1  1 1  1 1  0  0 -1
1  2 1  7 4  7 5  7 6  0  1 -1
3  3 1  6 5  9 4  6 7  1  1 -1
4  2 1  4 3  3 2  5 4  0  0 -1


0 105 0 0
6  1 1  1 1  1 1  1 1  0  0 -1
2  1 1  4 3  7 3  1 1  0  0 -1
1  1 1  3 2  5 3  1 1  1  0 -1
3  2 1  4 3  2 1  5 3  1  1 -1
0  3 2  5 4  5 4  6 5  0  0 -1
4  1 1  1 1  1 1  1 1  0  9 -1
1  2 1  3 2  4 3  1 1  0  1 -1
0  2 1  7 4  7 5  7 5  0  0 -1
3  3 2  6 5  7 6  8 7  0  1 -1
5  1 1  1 1  1 1  1 1  0  0 -1

7  0 1  1 1  1 1  1 1  0  0 -1
0  2 1  6 5  5 3  6 5  0  0 -1
1  2 1  6 5  9 5  1 1  1  0 -1
1  2 1  7 4  7 4  7 6  0  1 -1
3  4 1  7 5  8 5  6 7  0  0 -1
0  1 1  2 1  4 3  5 4  1  0 -1
1  1 1  2 3  9 2  5 3  0  1 -1
5  1 1  1 1  1 1  1 1  0  0 -1
3  2 1  8 5  3 2  4 3  0  0 -1
2  3 2  4 3  4 3  1 1  0  0 -1

1  2 1  3 2  4 3  7 4  1  0 -1
2  1 1  4 3  7 3  1 1  0  0 -1
1  1 1  3 2  5 3  1 1  1  0 -1
3  2 1  4 3  2 1  5 3  1  1 -1
0  3 2  5 4  5 4  6 5  0  0 -1
4  1 1  1 1  1 1  1 1  0  9 -1
1  2 1  3 2  4 3  1 1  0  1 -1
0  2 1  7 4  7 5  7 5  0  0 -1
3  3 2  6 5  7 6  8 7  0  1 -1
5  1 1  1 1  1 1  1 1  0  0 -1

7  0 1  1 1  1 1  1 1  0  0 -1
0  2 1  6 5  5 3  6 5  0  0 -1
6  1 1  1 1  1 1  1 1  0  0 -1
1  2 1  6 5  9 5  1 1  1  0 -1
1  2 1  7 4  7 4  7 6  0  1 -1
3  4 1  7 5  8 5  6 7  0  0 -1
0  1 1  2 1  4 3  5 4  1  0 -1
1  1 1  2 3  9 2  5 3  0  1 -1
4  1 1  1 1  1 1  1 1  0  0 -1
3  2 1  8 5  3 2  4 3  0  0 -1

2  3 2  4 3  4 3  1 1  0  0 -1
1  2 1  3 2  4 3  7 4  1  0 -1
2  1 1  4 3  7 3  1 1  0  0 -1
1  1 1  3 2  5 3  1 1  1  0 -1
3  2 1  4 3  2 1  5 3  1  1 -1
0  3 2  5 4  5 4  6 5  0  0 -1
4  1 1  1 1  1 1  1 1  0  9 -1
1  2 1  3 2  4 3  1 1  0  1 -1
0  2 1  7 4  7 5  7 5  0  0 -1
3  3 2  6 5  7 6  8 7  0  1 -1

5  1 1  1 1  1 1  1 1  1  0 -1
0  2 1  6 5  5 3  6 5  0  0 -1
7  0 1  1 1  1 1  1 1  0  0 -1
6  1 1  1 1  1 1  1 1  0  0 -1
1  2 1  6 5  9 5  1 1  1  0 -1
1  2 1  7 4  7 4  7 6  0  1 -1
3  4 1  7 5  8 5  6 7  0  0 -1
0  1 1  2 1  4 3  5 4  1  0 -1
1  1 1  2 3  9 2  5 3  0  1 -1
4  1 1  1 1  1 1  1 1  0  0 -1

3  2 1  8 5  3 2  4 3  0  0 -1
2  3 2  4 3  4 3  1 1  0  0 -1
1  2 1  3 2  4 3  7 4  1  0 -1
2  1 1  4 3  7 3  1 1  0  0 -1
1  1 1  3 2  5 3  1 1  1  0 -1
3  2 1  4 3  2 1  5 3  1  1 -1
0  3 2  5 4  5 4  6 5  0  0 -1
4  1 1  1 1  1 1  1 1  0  9 -1
1  2 1  3 2  4 3  1 1  0  1 -1
0  2 1  7 4  7 5  7 5  0  0 -1

3  3 2  6 5  7 6  8 7  0  1 -1
5  1 1  1 1  1 1  1 1  0  0 -1
0  2 1  6 5  5 3  6 5  0  0 -1
7  0 1  1 1  1 1  1 1  0  0 -1
6  1 1  1 1  1 1  1 1  0  0 -1
1  2 1  6 5  9 5  1 1  1  0 -1
1  2 1  7 4  7 4  7 6  0  1 -1
3  4 1  7 5  8 5  6 7  0  0 -1
0  1 1  2 1  4 3  5 4  1  0 -1
1  1 1  2 3  9 2  5 3  0  1 -1

4  1 1  1 1  1 1  1 1  0  0 -1
3  2 1  8 5  3 2  4 3  0  0 -1
2  3 2  4 3  4 3  1 1  0  0 -1
1  2 1  3 2  4 3  7 4  1  0 -1
2  1 1  4 3  7 3  1 1  0  0 -1
1  1 1  3 2  5 3  1 1  1  0 -1
3  2 1  4 3  2 1  5 3  1  1 -1
0  3 2  5 4  5 4  6 5  0  0 -1
4  1 1  1 1  1 1  1 1  0  9 -1
1  2 1  3 2  4 3  1 1  0  1 -1

0  2 1  7 4  7 5  7 5  0  0 -1
3  3 2  6 5  7 6  8 7  0  1 -1
5  1 1  1 1  1 1  1 1  0  0 -1
0  2 1  6 5  5 3  6 5  0  0 -1
6  1 1  1 1  1 1  1 1  0  0 -1
1  2 1  6 5  9 5  1 1  1  0 -1
1  2 1  7 4  7 4  7 6  0  1 -1
3  4 1  7 5  8 5  6 7  0  0 -1
0  1 1  2 1  4 3  5 4  1  0 -1
7  0 1  1 1  1 1  1 1  0  0 -1

1  1 1  2 3  9 2  5 3  0  1 -1
5  1 1  1 1  1 1  1 1  0  0 -1
3  2 1  8 5  3 2  4 3  0  0 -1
2  3 2  4 3  4 3  1 1  0  0 -1
1  2 1  3 2  4 3  7 4  1  0 -1


2 18 8000 0
0  1 1  5 4  7 4  1 1  0  0 -1
1  1 1  5 4  7 4  7 5  0  1 -1
3  2 1  7 5  8 5  7 5  0  0 -1
0  3 2  7 6  7 4  4 3  0  1 -1
2  4 3  4 3  4 3  1 1  0  0 -1
4  1 1  1 1  4 3  1 1  0  0 -1
1  2 1  3 2  4 3  1 1  1  0 -1
0  2 1  7 4  7 5  7 5  0  1 -1
3  3 2  6 5  7 6  8 7  1  0 -1
0  2 1  6 5  5 3  6 5  1  0 -1

6  1 1  1 1  4 3  1 1  0  0 -1
1  2 1  6 5  10 7  1 1  1  1 -1
5  1 1  9 7  3 2  1 1  0  0 -1
2  2 3  4 3  5 3  4 3  0  0 -1
7  0 1  1 1  1 1  1 1  0  0 -1
1  2 1  9 4  9 5  9 5  0  1 -1
3  3 1  6 5  9 4  7 5  1  1 -1
4  4 1  4 3  3 2  5 4  0  0 -1


1 125 2600 1
2  1 1  4 3  7 3  1 1  0  0 -1
1  1 1  3 2  5 3  1 1  1  0 -1
3  2 1  4 3  2 1  5 3  1  1 -1
0  3 2  5 4  5 4  6 5  0  0 -1
4  1 1  1 1  1 1  1 1  0  0 -1
1  2 1  3 2  4 3  1 1  0  1 -1
0  2 1  7 4  7 5  7 5  0  0 -1
6  1 1  1 1  1 1  1 1  0  0  -1
3  3 2  6 5  7 6  8 7  0  1 -1
5  1 1  1 1  1 1  1 1  0  0 -1

0  2 1  6 5  5 3  6 5  0  0 -1
1  2 1  6 5  9 5  1 1  1  0 -1
1  2 1  7 4  7 4  7 6  0  1 -1
3  4 1  7 5  8 5  6 7  0  0 -1
0  1 1  2 1  4 3  5 4  1  0 -1
1  1 1  2 3  9 2  5 3  0  1 -1
7  0 1  1 1  1 1  1 1  0  0 -1
0  1 1  2 1  4 3  5 4  1  0 -1
3  2 1  8 5  3 2  4 3  0  0 -1
2  3 2  4 3  4 3  1 1  0  0 -1

1  2 1  3 2  4 3  7 4  1  0 -1
2  1 1  4 3  7 3  1 1  0  0 -1
1  1 1  3 2  5 3  1 1  1  0 -1
3  2 1  4 3  2 1  5 3  1  1 -1
0  3 2  5 4  7 4  6 5  0  0 -1
4  1 1  4 3  4 3  1 1  0  0 -1
1  2 1  3 2  4 3  5 4  0  1 -1
0  2 1  7 4  7 5  7 5  0  0 -1
3  3 2  6 5  7 6  8 7  0  1 -1
5  1 1  7 6  7 5  7 6  0  0 -1

0  2 1  6 5  5 3  6 5  0  0 -1
2  1 1  4 3  7 3  1 1  0  0 -1
1  1 1  3 2  5 3  1 1  1  0 -1
3  2 1  4 3  2 1  5 3  1  1 -1
0  3 2  5 4  5 4  6 5  0  0 -1
7  0 1  1 1  1 1  1 1  0  0 -1
4  1 1  1 1  1 1  1 1  0  1 -1
1  2 1  3 2  4 3  1 1  0  1 -1
0  2 1  7 4  7 5  7 5  0  0 -1
6  1 1  1 1  1 1  1 1  0  0 -1

3  3 2  6 5  7 6  8 7  0  1 -1
5  1 1  1 1  1 1  1 1  0  1 -1
0  2 1  6 5  5 3  6 5  0  0 -1
1  2 1  6 5  9 5  1 1  1  0 -1
1  2 1  7 4  7 4  7 6  0  1 -1
3  4 1  7 5  8 5  6 7  0  0 -1
0  1 1  2 1  4 3  5 4  1  0 -1
1  1 1  2 3  9 2  5 3  0  1 -1
0  1 1  2 1  4 3  5 4  1  0 -1
3  2 1  8 5  3 2  4 3  0  0 -1

2  3 2  4 3  4 3  1 1  0  0 -1
1  2 1  3 2  4 3  7 4  1  0 -1
2  1 1  4 3  7 3  1 1  0  0 -1
1  1 1  3 2  5 3  1 1  1  0 -1
3  2 1  4 3  2 1  5 3  1  1 -1
0  3 2  5 4  7 4  6 5  0  0 -1
4  1 1  4 3  4 3  1 1  0  1 -1
1  2 1  3 2  4 3  5 4  0  1 -1
0  2 1  7 4  7 5  7 5  0  0 -1
7  0 1  1 1  1 1  1 1  0  0 -1

3  3 2  6 5  7 6  8 7  0  1 -1
5  1 1  7 6  7 5  7 6  0  0 -1
0  2 1  6 5  5 3  6 5  0  0 -1
2  1 1  4 3  7 3  1 1  0  0 -1
1  1 1  3 2  5 3  1 1  1  0 -1
3  2 1  4 3  2 1  5 3  1  1 -1
0  3 2  5 4  5 4  6 5  0  0 -1
4  1 1  1 1  1 1  1 1  0  0 -1
1  2 1  3 2  4 3  1 1  0  1 -1
0  2 1  7 4  7 5  7 5  0  0 -1

6  1 1  1 1  1 1  1 1  0  0 -1
3  3 2  6 5  7 6  8 7  0  1 -1
4  1 1  1 1  1 1  1 1  0  1 -1
0  2 1  6 5  5 3  6 5  0  0 -1
1  2 1  6 5  9 5  1 1  1  0 -1
1  2 1  7 4  7 4  7 6  0  1 -1
3  4 1  7 5  8 5  6 7  0  0 -1
0  1 1  2 1  4 3  5 4  1  0 -1
1  1 1  2 3  9 2  5 3  0  1 -1
0  1 1  2 1  4 3  5 4  1  0 -1

3  2 1  8 5  3 2  4 3  0  0 -1
2  3 2  4 3  4 3  1 1  0  0 -1
1  2 1  3 2  4 3  7 4  1  0 -1
2  1 1  4 3  7 3  1 1  0  0 -1
1  1 1  3 2  5 3  1 1  1  0 -1
3  2 1  4 3  2 1  5 3  1  1 -1
0  3 2  5 4  7 4  6 5  0  0 -1
7  0 1  1 1  1 1  1 1  0  0 -1
4  1 1  4 3  4 3  1 1  0  0 -1
1  2 1  3 2  4 3  5 4  0  1 -1

0  2 1  7 4  7 5  7 5  0  0 -1
3  3 2  6 5  7 6  8 7  0  1 -1
4  1 1  7 6  7 5  7 6  0  0 -1
0  2 1  6 5  5 3  6 5  0  0 -1
2  1 1  4 3  7 3  1 1  0  0 -1
1  1 1  3 2  5 3  1 1  1  0 -1
3  2 1  4 3  2 1  5 3  1  1 -1
0  3 2  5 4  5 4  6 5  0  0 -1
4  1 1  1 1  1 1  1 1  0  1 -1
1  2 1  3 2  4 3  1 1  0  1 -1

0  2 1  7 4  7 5  7 5  0  0 -1
6  1 1  1 1  1 1  1 1  0  0 -1
3  3 2  6 5  7 6  8 7  0  1 -1
5  1 1  1 1  1 1  1 1  0  0 -1
0  2 1  6 5  5 3  6 5  0  0 -1
1  2 1  6 5  9 5  1 1  1  0 -1
1  2 1  7 4  7 4  7 6  0  1 -1
3  4 1  7 5  8 5  6 7  0  0 -1
0  1 1  2 1  4 3  5 4  1  0 -1
1  1 1  2 3  9 2  5 3  0  1 -1

0  1 1  2 1  4 3  5 4  1  0 -1
3  2 1  8 5  3 2  4 3  0  0 -1
2  3 2  4 3  4 3  1 1  0  0 -1
7  0 1  1 1  1 1  1 1  0  0 -1
1  2 1  3 2  4 3  7 4  1  0 -1
2  1 1  4 3  7 3  1 1  0  0 -1
1  1 1  3 2  5 3  1 1  1  0 -1
3  2 1  4 3  2 1  5 3  1  1 -1
0  3 2  5 4  7 4  6 5  0  0 -1
4  1 1  4 3  4 3  1 1  0  9 -1

1  2 1  3 2  4 3  5 4  0  1 -1
0  2 1  7 4  7 5  7 5  0  0 -1
3  3 2  6 5  7 6  8 7  0  1 -1
4  1 1  7 6  7 5  7 6  0  0 -1
0  2 1  6 5  5 3  6 5  0  0 -1

0 220 0 0
3  4 1  7 3  100 1  10 1  0  1 2
3  0 1  7 3  100 1  10 1  0  1 6
3  0 1  7 3  100 1  10 1  0  1 10
3  0 1  7 3  100 1  10 1  0  1 15
3  0 1  7 3  100 1  10 1  0  1 19
3  4 1  7 3  100 1  10 1  0  1 32
3  0 1  7 3  100 1  10 1  0  1 29
3  0 1  7 3  100 1  10 1  0  1 25
3  0 1  7 3  100 1  10 1  0  1 20
3  0 1  7 3  100 1  10 1  0  1 14

3  4 1  7 3  100 1  10 1  0  1 1
3  0 1  7 3  100 1  10 1  0  1 8
3  0 1  7 3  100 1  10 1  0  1 15
3  0 1  7 3  100 1  10 1  0  1 22
3  0 1  7 3  100 1  10 1  0  1 29
3  4 1  7 3  100 1  10 1  0  1 35
3  0 1  7 3  100 1  10 1  0  1 28
3  0 1  7 3  100 1  10 1  0  1 21
3  0 1  7 3  100 1  10 1  0  1 14
3  0 1  7 3  100 1  10 1  0  1 7

3  5 1  7 3  100 1  10 1  0  1 1
3  0 1  7 3  100 1  10 1  0  1 4
3  0 1  7 3  100 1  10 1  0  1 7
3  0 1  7 3  100 1  10 1  0  1 11
3  0 1  7 3  100 1  10 1  0  1 15
3  0 1  7 3  100 1  10 1  0  1 18
3  0 1  7 3  100 1  10 1  0  1 21
3  0 1  7 3  100 1  10 1  0  1 26
3  0 1  7 3  100 1  10 1  0  1 30
3  0 1  7 3  100 1  10 1  0  1 34

3  5 1  7 3  100 1  10 1  0  1 1
3  0 1  2 1  100 1  10 1  0  1 4
3  0 1  7 3  100 1  10 1  0  1 7
3  0 1  8 3  100 1  10 1  0  1 11
3  0 1  7 3  100 1  10 1  0  1 15
3  0 1  2 1  100 1  10 1  0  1 18
3  0 1  7 3  100 1  10 1  0  1 21
3  0 1  8 3  100 1  10 1  0  1 26
3  0 1  7 3  100 1  10 1  0  1 30
3  0 1  2 1  100 1  10 1  0  1 34

3  1 1  7 3  100 1  10 1  0  1 1
3  1 1  7 3  100 1  10 1  0  1 34
3  1 1  7 3  100 1  10 1  0  1 1
3  1 1  7 3  100 1  10 1  0  1 34
3  1 1  7 3  100 1  10 1  0  1 1
3  1 1  7 3  100 1  10 1  0  1 34
3  1 1  7 3  100 1  10 1  0  1 1
3  1 1  7 3  100 1  10 1  0  1 34
3  1 1  7 3  100 1  10 1  0  1 1
3  1 1  7 3  100 1  10 1  0  1 34

3  0 1  7 3  100 1  10 1  0  1 1
3  0 1  2 1  100 1  10 1  0  1 4
3  0 1  7 3  100 1  10 1  0  1 7
3  0 1  8 3  100 1  10 1  0  1 11
3  0 1  7 3  100 1  10 1  0  1 15
3  0 1  2 1  100 1  10 1  0  1 18
3  0 1  7 3  100 1  10 1  0  1 21
3  0 1  8 3  100 1  10 1  0  1 26
3  0 1  7 3  100 1  10 1  0  1 30
3  0 1  2 1  100 1  10 1  0  1 34

3  1 1  7 3  100 1  10 1  0  1 1
3  1 1  7 3  100 1  10 1  0  1 34
3  1 1  7 3  100 1  10 1  0  1 1
3  1 1  7 3  100 1  10 1  0  1 34
3  1 1  7 3  100 1  10 1  0  1 1
3  1 1  7 3  100 1  10 1  0  1 34
3  1 1  7 3  100 1  10 1  0  1 1
3  1 1  7 3  100 1  10 1  0  1 34
3  1 1  7 3  100 1  10 1  0  1 1
3  1 1  7 3  100 1  10 1  0  1 34

3  0 1  7 3  100 1  10 1  0  1 1
3  0 1  2 1  100 1  10 1  0  1 4
3  0 1  7 3  100 1  10 1  0  1 7
3  0 1  8 3  100 1  10 1  0  1 11
3  0 1  7 3  100 1  10 1  0  1 15
3  0 1  2 1  100 1  10 1  0  1 18
3  0 1  7 3  100 1  10 1  0  1 21
3  0 1  8 3  100 1  10 1  0  1 26
3  0 1  7 3  100 1  10 1  0  1 30
3  0 1  2 1  100 1  10 1  0  1 34

3  1 1  7 3  100 1  10 1  0  1 1
3  0 1  7 3  100 1  10 1  0  1 1
3  0 1  2 1  100 1  10 1  0  1 34
3  1 1  7 3  100 1  10 1  0  1 4
3  0 1  7 3  100 1  10 1  0  1 1
3  0 1  2 1  100 1  10 1  0  1 34
3  1 1  7 3  100 1  10 1  0  1 7
3  0 1  7 3  100 1  10 1  0  1 1
3  0 1  2 1  100 1  10 1  0  1 34
3  1 1  7 3  100 1  10 1  0  1 11

3  0 1  7 3  100 1  10 1  0  1 1
3  0 1  2 1  100 1  10 1  0  1 34
3  1 1  7 3  100 1  10 1  0  1 15
3  0 1  7 3  100 1  10 1  0  1 1
3  0 1  2 1  100 1  10 1  0  1 34
3  1 1  7 3  100 1  10 1  0  1 18
3  0 1  7 3  100 1  10 1  0  1 1
3  0 1  2 1  100 1  10 1  0  1 34
3  1 1  7 3  100 1  10 1  0  1 21
3  0 1  7 3  100 1  10 1  0  1 1

3  0 1  2 1  100 1  10 1  0  1 34
3  1 1  7 3  100 1  10 1  0  1 26
3  0 1  7 3  100 1  10 1  0  1 1
3  0 1  2 1  100 1  10 1  0  1 34
3  1 1  7 3  100 1  10 1  0  1 30
3  0 1  7 3  100 1  10 1  0  1 1
3  0 1  2 1  100 1  10 1  0  1 34
3  1 1  7 3  100 1  10 1  0  1 34
3  0 1  7 3  100 1  10 1  0  1 1
3  0 1  2 1  100 1  10 1  0  1 34

3  4 1  7 3  100 1  10 1  0  1 2
3  0 1  7 3  100 1  10 1  0  1 6
3  0 1  7 3  100 1  10 1  0  1 10
3  0 1  7 3  100 1  10 1  0  1 15
3  0 1  7 3  100 1  10 1  0  1 19
3  4 1  7 3  100 1  10 1  0  1 32
3  0 1  7 3  100 1  10 1  0  1 29
3  0 1  7 3  100 1  10 1  0  1 25
3  0 1  7 3  100 1  10 1  0  1 20
3  0 1  7 3  100 1  10 1  0  1 14

3  4 1  7 3  100 1  10 1  0  1 1
3  0 1  7 3  100 1  10 1  0  1 8
3  0 1  7 3  100 1  10 1  0  1 15
3  0 1  7 3  100 1  10 1  0  1 22
3  0 1  7 3  100 1  10 1  0  1 29
3  4 1  7 3  100 1  10 1  0  1 35
3  0 1  7 3  100 1  10 1  0  1 28
3  0 1  7 3  100 1  10 1  0  1 21
3  0 1  7 3  100 1  10 1  0  1 14
3  0 1  7 3  100 1  10 1  0  1 7

3  5 1  7 3  100 1  10 1  0  1 1
3  0 1  7 3  100 1  10 1  0  1 4
3  0 1  7 3  100 1  10 1  0  1 7
3  0 1  7 3  100 1  10 1  0  1 11
3  0 1  7 3  100 1  10 1  0  1 15
3  0 1  7 3  100 1  10 1  0  1 18
3  0 1  7 3  100 1  10 1  0  1 21
3  0 1  7 3  100 1  10 1  0  1 26
3  0 1  7 3  100 1  10 1  0  1 30
3  0 1  7 3  100 1  10 1  0  1 34

3  5 1  7 3  100 1  10 1  0  1 1
3  0 1  2 1  100 1  10 1  0  1 4
3  0 1  7 3  100 1  10 1  0  1 7
3  0 1  8 3  100 1  10 1  0  1 11
3  0 1  7 3  100 1  10 1  0  1 15
3  0 1  2 1  100 1  10 1  0  1 18
3  0 1  7 3  100 1  10 1  0  1 21
3  0 1  8 3  100 1  10 1  0  1 26
3  0 1  7 3  100 1  10 1  0  1 30
3  0 1  2 1  100 1  10 1  0  1 34

3  1 1  7 3  100 1  10 1  0  1 1
3  1 1  7 3  100 1  10 1  0  1 34
3  1 1  7 3  100 1  10 1  0  1 1
3  1 1  7 3  100 1  10 1  0  1 34
3  1 1  7 3  100 1  10 1  0  1 1
3  1 1  7 3  100 1  10 1  0  1 34
3  1 1  7 3  100 1  10 1  0  1 1
3  1 1  7 3  100 1  10 1  0  1 34
3  1 1  7 3  100 1  10 1  0  1 1
3  1 1  7 3  100 1  10 1  0  1 34

3  0 1  7 3  100 1  10 1  0  1 1
3  0 1  2 1  100 1  10 1  0  1 4
3  0 1  7 3  100 1  10 1  0  1 7
3  0 1  8 3  100 1  10 1  0  1 11
3  0 1  7 3  100 1  10 1  0  1 15
3  0 1  2 1  100 1  10 1  0  1 18
3  0 1  7 3  100 1  10 1  0  1 21
3  0 1  8 3  100 1  10 1  0  1 26
3  0 1  7 3  100 1  10 1  0  1 30
3  0 1  2 1  100 1  10 1  0  1 34

3  1 1  7 3  100 1  10 1  0  1 1
3  1 1  7 3  100 1  10 1  0  1 34
3  1 1  7 3  100 1  10 1  0  1 1
3  1 1  7 3  100 1  10 1  0  1 34
3  1 1  7 3  100 1  10 1  0  1 1
3  1 1  7 3  100 1  10 1  0  1 34
3  1 1  7 3  100 1  10 1  0  1 1
3  1 1  7 3  100 1  10 1  0  1 34
3  1 1  7 3  100 1  10 1  0  1 1
3  1 1  7 3  100 1  10 1  0  1 34

3  0 1  7 3  100 1  10 1  0  1 1
3  0 1  2 1  100 1  10 1  0  1 4
3  0 1  7 3  100 1  10 1  0  1 7
3  0 1  8 3  100 1  10 1  0  1 11
3  0 1  7 3  100 1  10 1  0  1 15
3  0 1  2 1  100 1  10 1  0  1 18
3  0 1  7 3  100 1  10 1  0  1 21
3  0 1  8 3  100 1  10 1  0  1 26
3  0 1  7 3  100 1  10 1  0  1 30
3  0 1  2 1  100 1  10 1  0  1 34

3  1 1  7 3  100 1  10 1  0  1 1
3  0 1  7 3  100 1  10 1  0  1 1
3  0 1  2 1  100 1  10 1  0  1 34
3  1 1  7 3  100 1  10 1  0  1 4
3  0 1  7 3  100 1  10 1  0  1 1
3  0 1  2 1  100 1  10 1  0  1 34
3  1 1  7 3  100 1  10 1  0  1 7
3  0 1  7 3  100 1  10 1  0  1 1
3  0 1  2 1  100 1  10 1  0  1 34
3  1 1  7 3  100 1  10 1  0  1 11

3  0 1  7 3  100 1  10 1  0  1 1
3  0 1  2 1  100 1  10 1  0  1 34
3  1 1  7 3  100 1  10 1  0  1 15
3  0 1  7 3  100 1  10 1  0  1 1
3  0 1  2 1  100 1  10 1  0  1 34
3  1 1  7 3  100 1  10 1  0  1 18
3  0 1  7 3  100 1  10 1  0  1 1
3  0 1  2 1  100 1  10 1  0  1 34
3  1 1  7 3  100 1  10 1  0  1 21
3  0 1  7 3  100 1  10 1  0  1 1

3  0 1  2 1  100 1  10 1  0  1 34
3  1 1  7 3  100 1  10 1  0  1 26
3  0 1  7 3  100 1  10 1  0  1 1
3  0 1  2 1  100 1  10 1  0  1 34
3  1 1  7 3  100 1  10 1  0  1 30
3  0 1  7 3  100 1  10 1  0  1 1
3  0 1  2 1  100 1  10 1  0  1 34
3  1 1  7 3  100 1  10 1  0  1 34
3  0 1  7 3  100 1  10 1  0  1 1
3  0 1  2 1  100 1  10 1  0  1 34

1 41 750 0
2  1 2  4 3  7 3  1 1  0  0 -1
1  1 2  3 2  7 3  1 1  1  0 -1
3  0 1  4 3  3 1  5 3  1  1 -1
0  1 2  5 4  7 4  6 5  0  0 -1
4  1 1  1 1  2 1  1 1  0  0 -1
1  1 1  3 2  7 3  1 1  0  1 -1
0  0 1  7 4  8 5  7 5  0  0 -1
6  1 1  1 1  5 3  1 1  0  0 -1
3  1 2  6 5  4 3  8 7  0  1 -1
5  1 1  1 1  4 3  1 1  0  1 -1

0  2 1  6 5  5 3  6 5  0  0 -1
1  1 1  6 5  9 5  1 1  1  0 -1
1  2 1  7 4  7 4  7 6  0  1 -1
3  1 2  7 5  8 5  6 7  0  0 -1
0  1 1  2 1  4 3  5 4  1  0 -1
1  1 2  2 3  9 2  5 3  0  1 -1
0  1 1  2 1  4 3  5 4  1  0 -1
3  1 3  8 5  3 2  4 3  0  0 -1
2  1 2  4 3  4 3  1 1  0  0 -1
1  2 1  3 2  4 3  7 4  1  0 -1

7  0 1  1 1  1 1  1 1  0  0 -1
2  0 1  4 3  7 3  1 1  0  0 -1
1  1 3  3 2  5 3  1 1  1  0 -1
3  2 1  4 3  2 1  5 3  1  1 -1
0  3 2  5 4  7 4  6 5  0  0 -1
4  1 1  4 3  4 3  1 1  0  0 -1
1  2 3  3 2  4 3  5 4  0  1 -1
0  2 1  7 4  7 5  7 5  0  0 -1
3  0 2  7 5  7 6  8 7  0  1 -1
4  1 1  4 3  7 5  7 6  0  0 -1

0  2 1  6 5  5 3  6 5  0  0 -1
2  0 1  4 3  8 3  1 1  0  0 -1
1  1 2  3 2  7 3  1 1  1  0 -1
3  1 1  4 3  2 1  5 3  1  1 -1
0  1 2  5 4  9 4  6 5  0  0 -1
5  1 2  1 1  2 1  1 1  0  0 -1
1  1 1  3 2  8 3  1 1  0  1 -1
0  0 1  7 4  8 5  7 5  0  0 -1
6  1 1  6 5  3 2  1 1  0  0  -1
3  1 2  7 5  7 6  8 7  0  1 -1

4  1 1  1 1  7 5  1 1  0  1 -1


2 21 7500 1
0  3 2  5 4  5 4  2 3  0  0 -1
1  3 2  5 4  5 4  4 5  0  1 -1
5  3 2  5 4  4 3  1 1  0  0 -1
3  2 1  7 5  6 5  3 5  0  0 -1
0  4 3  1 1  2 3  1 1  0  0 -1
5  3 2  7 6  5 4  1 1  0  1 -1
2  5 3  4 3  1 1  1 1  0  0 -1
1  2 1  3 2  1 1  1 1  1  0 -1
0  2 1  7 4  4 5  4 5  0  1 -1
1  4 3  6 5  4 3  1 1  0  0 -1

2  5 4  1 1  4 3  1 1  0  0 -1
4  5 2  1 1  6 5  4 7  0  0 -1
3  3 2  6 5  8 7  5 7  1  0 -1
0  2 1  6 5  1 1  4 5  1  0 -1
6  5 3  1 1  4 7  1 1  0  0 -1
7  0 1  1 1  1 1  1 1  0  0 -1
1  2 1  6 5  6 7  1 1  1  1 -1
5  5 4  9 7  1 1  1 1  0  0 -1
2  2 3  4 3  4 5  1 1  0  0 -1
3  3 1  6 5  5 4  4 5  1  1 -1

4  3 1  2 3  1 1  2 3  0  0 -1


2 21 12000 0
0  3 2  2 1  4 3  1 1  0  0 -1
1  1 1  5 4  7 4  1 1  0  0 -1
3  1 1  5 4  7 4  7 5  0  1 -1
0  2 1  7 5  8 5  7 5  0  0 -1
2  3 2  7 6  7 4  4 3  0  1 -1
0  4 3  4 3  4 3  1 1  0  0 -1
4  1 1  5 4  4 3  1 1  0  0 -1
5  1 1  6 5  4 3  1 1  0  0 -1
4  1 1  4 3  3 2  5 4  0  0 -1
1  2 1  3 2  4 3  1 1  1  0 -1

6  1 1  4 3  5 3  1 1  0  0 -1
0  2 1  7 4  7 5  7 5  0  1 -1
5  1 1  1 1  4 3  1 1  0  0 -1
3  3 2  6 5  7 6  8 7  1  0 -1
0  2 1  6 5  10 3  6 5  1  0 -1
7  0 1  1 1  1 1  1 1  0  0 -1
1  2 1  6 5  10 7  1 1  1  1 -1
5  1 1  9 7  3 2  1 1  0  0 -1
2  2 3  4 3  5 3  4 3  0  0 -1
3  3 1  6 5  9 4  7 5  1  1 -1

4  2 1  5 3  5 2  3 4  0  0 -1


1 84 0 0
6  1 2  4 3  5 3  1 1  0  0 -1
2  1 2  3 2  7 3  1 1  1  0 -1
3  2 1  4 3  3 1  5 3  1  1 -1
0  1 2  5 4  7 4  6 5  0  0 -1
6  1 1  1 1  4 3  1 1  0  9 -1
1  1 1  3 2  7 3  1 1  0  1 -1
2  1 1  7 4  8 5  7 5  0  0 -1
6  1 1  1 1  5 3  1 1  0  0  -1
3  1 2  6 5  4 3  8 7  0  1 -1
5  1 1  1 1  4 3  1 1  0  0 -1

2  2 1  6 5  5 3  6 5  0  0 -1
1  1 1  6 5  9 5  1 1  1  0 -1
6  2 1  5 4  5 4  1 1  0  1 -1
3  1 2  7 5  8 5  6 7  0  0 -1
2  1 1  2 1  4 3  5 4  1  0 -1
1  1 2  2 3  9 2  5 3  0  1 -1
0  1 1  2 1  4 3  5 4  1  0 -1
6  1 3  8 5  3 2  4 3  0  0 -1
2  1 2  4 3  4 3  1 1  0  0 -1
1  2 1  3 2  4 3  7 4  1  0 -1

7  0 1  1 1  1 1  1 1  0  0 -1
6  1 2  4 3  5 3  1 1  0  0 -1
2  1 2  3 2  7 3  1 1  1  0 -1
3  2 1  4 3  3 1  5 3  1  1 -1
0  1 2  5 4  7 4  6 5  0  0 -1
6  1 1  1 1  4 3  1 1  0  9 -1
1  1 1  3 2  7 3  1 1  0  1 -1
2  1 1  7 4  8 5  7 5  0  0 -1
6  1 1  1 1  5 3  1 1  0  0  -1
3  1 2  6 5  4 3  8 7  0  1 -1

5  1 1  1 1  4 3  1 1  0  0 -1
2  2 1  6 5  5 3  6 5  0  0 -1
1  1 1  6 5  9 5  1 1  1  0 -1
6  2 1  5 4  5 4  1 1  0  1 -1
3  1 2  7 5  8 5  6 7  0  0 -1
6  1 1  2 1  4 3  5 4  1  0 -1
1  1 2  2 3  9 2  5 3  0  1 -1
0  1 1  2 1  4 3  5 4  1  0 -1
6  1 3  8 5  3 2  4 3  0  0 -1
2  1 2  4 3  4 3  1 1  0  0 -1

1  2 1  3 2  4 3  7 4  1  0 -1
7  0 1  1 1  1 1  1 1  0  0 -1
6  1 2  4 3  5 3  1 1  0  0 -1
2  1 2  3 2  7 3  1 1  1  0 -1
3  2 1  4 3  3 1  5 3  1  1 -1
0  1 2  5 4  7 4  6 5  0  0 -1
6  1 1  1 1  4 3  1 1  0  9 -1
3  1 1  3 2  7 3  1 1  0  1 -1
2  1 1  7 4  8 5  7 5  0  0 -1
6  1 1  1 1  5 3  1 1  0  0 -1

3  1 2  6 5  4 3  8 7  0  1 -1
5  1 1  1 1  4 3  1 1  0  0 -1
2  2 1  6 5  5 3  6 5  0  0 -1
1  1 1  6 5  9 5  1 1  1  0 -1
6  2 1  5 4  5 4  1 1  0  1 -1
7  0 1  1 1  1 1  1 1  0  0 -1
3  1 2  7 5  8 5  6 7  0  0 -1
2  1 1  2 1  4 3  5 4  1  0 -1
1  1 2  2 3  9 2  5 3  0  1 -1
0  1 1  2 1  4 3  5 4  1  0 -1

6  1 3  8 5  3 2  4 3  0  0 -1
2  1 2  4 3  4 3  1 1  0  0 -1
1  2 1  3 2  4 3  7 4  1  0 -1
6  1 2  4 3  5 3  1 1  0  0 -1
2  1 2  3 2  7 3  1 1  1  0 -1
3  2 1  4 3  3 1  5 3  1  1 -1
0  1 2  5 4  7 4  6 5  0  0 -1
6  1 1  1 1  4 3  1 1  0  9 -1
1  1 1  3 2  7 3  1 1  0  1 -1
2  1 1  7 4  8 5  7 5  0  0 -1

6  1 1  1 1  5 3  1 1  0  0 -1
2  1 2  6 5  4 3  8 7  0  1 -1
5  1 1  1 1  4 3  1 1  0  1 -1
7  0 1  1 1  1 1  1 1  0  0 -1
2  2 1  6 5  5 3  6 5  0  0 -1
1  1 1  6 5  9 5  1 1  1  0 -1
6  2 1  5 4  5 4  1 1  0  1 -1
3  1 2  7 5  8 5  6 7  0  0 -1
2  1 1  2 1  4 3  5 4  1  0 -1
1  1 2  2 3  9 2  5 3  0  1 -1

0  1 1  2 1  4 3  5 4  1  0 -1
6  1 3  8 5  3 2  4 3  0  0 -1
2  1 2  4 3  4 3  1 1  0  0 -1
1  2 1  3 2  4 3  7 4  1  0 -1


1 84 1500 0
2  1 2  4 3  7 3  1 1  0  0 -1
1  1 2  3 2  7 3  1 1  1  0 -1
3  0 1  4 3  3 1  5 3  1  1 -1
0  1 2  5 4  7 4  6 5  0  0 -1
4  1 1  1 1  2 1  1 1  0  9 -1
1  1 1  3 2  7 3  1 1  0  1 -1
0  0 1  7 4  8 5  7 5  0  0 -1
6  1 1  1 1  5 3  1 1  0  0  -1
3  1 2  6 5  4 3  8 7  0  1 -1
7  0 1  1 1  1 1  1 1  0  0 -1

5  1 1  1 1  4 3  1 1  0  0 -1
0  2 1  6 5  5 3  6 5  0  0 -1
1  1 1  6 5  9 5  1 1  1  0 -1
1  2 1  7 4  7 4  7 6  0  1 -1
3  1 2  7 5  8 5  6 7  0  0 -1
0  1 1  2 1  4 3  5 4  1  0 -1
1  1 2  2 3  9 2  5 3  0  1 -1
0  1 1  2 1  4 3  5 4  1  0 -1
3  1 3  8 5  3 2  4 3  0  0 -1
2  1 2  4 3  4 3  1 1  0  0 -1

1  2 1  3 2  4 3  7 4  1  0 -1
2  0 1  4 3  7 3  1 1  0  0 -1
1  1 3  3 2  5 3  1 1  1  0 -1
3  2 1  4 3  2 1  5 3  1  1 -1
0  3 2  5 4  7 4  6 5  0  0 -1
4  1 1  4 3  4 3  1 1  0  9 -1
1  2 3  3 2  4 3  5 4  0  1 -1
7  0 1  1 1  1 1  1 1  0  0 -1
0  2 1  7 4  7 5  7 5  0  0 -1
3  0 2  7 5  7 6  8 7  0  1 -1

4  1 1  4 3  7 5  7 6  0  0 -1
0  2 1  6 5  5 3  6 5  0  0 -1
2  0 1  4 3  8 3  1 1  0  0 -1
1  1 2  3 2  7 3  1 1  1  0 -1
3  1 1  4 3  2 1  5 3  1  1 -1
0  1 2  5 4  9 4  6 5  0  0 -1
5  1 2  1 1  2 1  1 1  0  0 -1
1  1 1  3 2  8 3  1 1  0  1 -1
0  0 1  7 4  8 5  7 5  0  0 -1
6  1 1  6 5  3 2  1 1  0  0 -1

3  1 2  7 5  7 6  8 7  0  1 -1
4  1 1  1 1  7 5  1 1  0  1 -1
2  1 2  4 3  7 3  1 1  0  0 -1
1  1 2  3 2  7 3  1 1  1  0 -1
3  0 1  4 3  3 1  5 3  1  1 -1
0  1 2  5 4  7 4  6 5  0  0 -1
4  1 1  1 1  2 1  1 1  0  9 -1
1  1 1  3 2  7 3  1 1  0  1 -1
7  0 1  1 1  1 1  1 1  0  0 -1
0  0 1  7 4  8 5  7 5  0  0 -1

6  1 1  1 1  5 3  1 1  0  0 -1
3  1 2  6 5  4 3  8 7  0  1 -1
5  1 1  1 1  4 3  1 1  0  0 -1
0  2 1  6 5  5 3  6 5  0  0 -1
1  1 1  6 5  9 5  1 1  1  0 -1
1  2 1  7 4  7 4  7 6  0  1 -1
3  1 2  7 5  8 5  6 7  0  0 -1
0  1 1  2 1  4 3  5 4  1  0 -1
1  1 2  2 3  9 2  5 3  0  1 -1
0  1 1  2 1  4 3  5 4  1  0 -1

3  1 3  8 5  3 2  4 3  0  0 -1
2  1 2  4 3  4 3  1 1  0  0 -1
1  2 1  3 2  4 3  7 4  1  0 -1
7  0 1  1 1  1 1  1 1  0  0 -1
2  0 1  4 3  7 3  1 1  0  0 -1
1  1 3  3 2  5 3  1 1  1  0 -1
3  2 1  4 3  2 1  5 3  1  1 -1
0  3 2  5 4  7 4  6 5  0  0 -1
4  1 1  4 3  4 3  1 1  0  9 -1
1  2 3  3 2  4 3  5 4  0  1 -1

0  2 1  7 4  7 5  7 5  0  0 -1
3  0 2  7 5  7 6  8 7  0  1 -1
4  1 1  4 3  7 5  7 6  0  0 -1
0  2 1  6 5  5 3  6 5  0  0 -1
2  0 1  4 3  8 3  1 1  0  0 -1
1  1 2  3 2  7 3  1 1  1  0 -1
3  1 1  4 3  2 1  5 3  1  1 -1
0  1 2  5 4  9 4  6 5  0  0 -1
5  1 2  1 1  2 1  1 1  0  9 -1
1  1 1  3 2  8 3  1 1  0  1 -1

0  0 1  7 4  8 5  7 5  0  0 -1
6  1 1  6 5  3 2  1 1  0  0 -1
3  1 2  7 5  7 6  8 7  0  1 -1
4  1 1  1 1  7 5  1 1  0  1 -1


2 16 15000 1
0  5 2  1 1  4 3  1 1  0  0 -1
1  5 3  7 5  7 4  1 1  0  0 -1
2  4 3  7 5  7 4  7 5  0  1 -1
0  4 3  3 2  4 3  1 1  1  0 -1
1  5 3  9 7  8 5  7 5  0  0 -1
2  5 3  7 4  7 4  4 3  0  1 -1
0  5 3  4 3  4 3  1 1  1  1 -1
1  2 1  6 5  4 3  1 1  0  0 -1
2  2 1  4 3  3 2  5 4  0  0 -1
0  3 1  3 2  4 3  1 1  1  0 -1

0  5 2  2 1  4 3  1 1  0  0 -1
1  5 3  7 5  7 4  1 1  0  0 -1
2  4 3  7 5  7 4  7 5  0  1 -1
0  4 3  7 4  4 3  1 1  1  0 -1
7  0 1  1 1  1 1  1 1  0  0 -1
1  5 3  9 7  8 5  7 5  0  0 -1

2 16 25000 0
0  3 2  1 1  4 3  1 1  0  0 -1
1  2 3  7 5  7 4  1 1  0  0 -1
2  1 1  7 5  7 4  7 5  0  1 -1
0  1 1  3 2  4 3  1 1  1  0 -1
1  2 3  9 7  8 5  7 5  0  0 -1
2  4 3  7 4  7 4  4 3  0  1 -1
0  2 3  4 3  4 3  1 1  1  1 -1
1  1 1  6 5  4 3  1 1  0  0 -1
2  1 1  4 3  3 2  5 4  0  0 -1
0  3 1  3 2  4 3  1 1  1  0 -1

0  5 2  2 1  4 3  1 1  0  0 -1
1  5 3  7 5  7 4  1 1  0  0 -1
2  4 3  7 5  7 4  7 5  0  1 -1
0  4 3  7 4  4 3  1 1  1  0 -1
7  0 1  1 1  1 1  1 1  0  0 -1
1  5 3  9 7  8 5  7 5  0  0 -1

3 32 0 0
0  5 2  1 1  1 1  1 1  0  0 -1
1  5 2  1 1  1 1  1 1  0  0 -1
3  5 2  1 1  1 1  1 1  0  0 -1
2  5 2  1 1  1 1  1 1  0  0 -1
0  5 3  1 1  1 1  1 1  0  0 -1
0  2 1  3 2  1 1  1 1  0  0 -1
1  2 1  1 1  1 1  1 1  0  0 -1
2  5 3  1 1  1 1  1 1  0  0 -1
1  2 1  6 5  4 3  4 3  0  0 -1
5  2 1  1 1  1 1  1 1  0  0 -1

0  3 1  3 2  4 3  1 1  0  0 -1
4  2 1  1 1  1 1  1 1  0  0 -1
2  5 3  1 1  1 1  1 1  0  0 -1
1  5 3  1 1  1 1  1 1  0  0 -1
0  3 2  1 1  1 1  1 1  0  0 -1
1  7 2  1 1  1 1  1 1  0  0 -1
3  5 2  1 1  1 1  1 1  0  0 -1
2  5 2  1 1  1 1  1 1  0  0 -1
0  2 1  3 2  1 1  1 1  0  0 -1
6  2 1  6 5  4 3  4 3  0  0 -1
5  2 1  4 3  3 2  4 3  0  0 -1

0  3 1  3 2  4 3  1 1  0  0 -1
3  2 1  1 1  1 1  1 1  0  0 -1
5  5 3  1 1  1 1  1 1  0  0 -1
6  5 3  1 1  1 1  1 1  0  0 -1
0  3 2  1 1  1 1  1 1  0  0 -1
1  5 2  1 1  1 1  1 1  0  0 -1
4  3 2  1 1  1 1  1 1  0  0 -1
7  0 1  1 1  1 1  2 1  0  0 -1
0  1 1  3 2  1 1  1 1  0  0 -1
1  2 1  6 5  4 3  4 3  0  0 -1
2  2 1  4 3  3 2  4 3  0  0 -1

0  3 1  3 2  4 3  1 1  0  0 -1
9  4 1  3 4  2 3  1 2  0  0 -1

3 10 0 1
0  3 2  1 1  1 1  1 1  0  0 -1
1  3 2  1 1  1 1  1 1  0  0 -1
3  3 2  1 1  1 1  1 1  0  0 -1
2  3 2  1 1  1 1  1 1  0  0 -1
5  5 3  1 1  1 1  1 1  0  0 -1
0  1 1  3 2  1 1  1 1  0  0 -1
4  2 1  1 1  1 1  1 1  0  0 -1
6  5 3  1 1  1 1  1 1  0  0 -1
1  2 1  6 5  4 3  4 3  0  0 -1
7  0 1  1 1  1 1  1 1  0  0 -1
0  3 1  3 2  4 3  1 1  0  0 -1

4  2 1  1 1  1 1  1 1  0  0 -1
5  5 3  1 1  1 1  1 1  0  0 -1
6  5 3  1 1  1 1  1 1  0  0 -1
0  3 2  1 1  1 1  1 1  0  0 -1
1  3 2  1 1  1 1  1 1  0  0 -1
3  3 2  1 1  1 1  1 1  0  0 -1
2  3 2  1 1  1 1  1 1  0  0 -1
0  1 1  3 2  1 1  1 1  0  0 -1
1  2 1  6 5  4 3  4 3  0  0 -1
2  2 1  4 3  3 2  4 3  0  0 -1
0  3 1  3 2  4 3  1 1  0  0 -1

4  2 1  1 1  1 1  1 1  0  0 -1
5  5 3  1 1  1 1  1 1  0  0 -1
6  5 3  1 1  1 1  1 1  0  0 -1
0  3 2  1 1  1 1  1 1  0  0 -1
1  3 2  1 1  1 1  1 1  0  0 -1
3  3 2  1 1  1 1  1 1  0  0 -1
7  0 1  1 1  1 1  2 1  0  0 -1
0  1 1  3 2  1 1  1 1  0  0 -1
1  2 1  6 5  4 3  4 3  0  0 -1
2  2 1  4 3  3 2  4 3  0  0 -1
0  3 1  3 2  4 3  1 1  0  0 -1

9  4 1  3 4  2 3  1 2  0  0 -1


3 10 0 0
0  3 2  1 1  1 1  1 1  0  0 -1
1  3 2  1 1  1 1  1 1  0  0 -1
3  3 2  1 1  1 1  1 1  0  0 -1
2  3 2  1 1  1 1  1 1  0  0 -1
5  5 3  1 1  1 1  1 1  0  0 -1
0  1 1  3 2  1 1  1 1  0  0 -1
4  2 1  1 1  1 1  1 1  0  0 -1
6  5 3  1 1  1 1  1 1  0  0 -1
1  2 1  6 5  4 3  4 3  0  0 -1
7  0 1  1 1  1 1  1 1  0  0 -1
0  3 1  3 2  4 3  1 1  0  0 -1

4  2 1  1 1  1 1  1 1  0  0 -1
5  5 3  1 1  1 1  1 1  0  0 -1
6  5 3  1 1  1 1  1 1  0  0 -1
0  3 2  1 1  1 1  1 1  0  0 -1
1  3 2  1 1  1 1  1 1  0  0 -1
3  3 2  1 1  1 1  1 1  0  0 -1
2  3 2  1 1  1 1  1 1  0  0 -1
0  1 1  3 2  1 1  1 1  0  0 -1
1  2 1  6 5  4 3  4 3  0  0 -1
2  2 1  4 3  3 2  4 3  0  0 -1
0  3 1  3 2  4 3  1 1  0  0 -1

4  2 1  1 1  1 1  1 1  0  0 -1
5  5 3  1 1  1 1  1 1  0  0 -1
6  5 3  1 1  1 1  1 1  0  0 -1
0  3 2  1 1  1 1  1 1  0  0 -1
1  3 2  1 1  1 1  1 1  0  0 -1
3  3 2  1 1  1 1  1 1  0  0 -1
7  0 1  1 1  1 1  2 1  0  0 -1
0  1 1  3 2  1 1  1 1  0  0 -1
1  2 1  6 5  4 3  4 3  0  0 -1
2  2 1  4 3  3 2  4 3  0  0 -1
0  3 1  3 2  4 3  1 1  0  0 -1

9  4 1  3 4  2 3  1 2  0  0 -1


3 10 0 1
0  3 2  1 1  1 1  1 1  0  0 -1
1  3 2  1 1  1 1  1 1  0  0 -1
3  3 2  1 1  1 1  1 1  0  0 -1
2  3 2  1 1  1 1  1 1  0  0 -1
5  5 3  1 1  1 1  1 1  0  0 -1
0  1 1  3 2  1 1  1 1  0  0 -1
4  2 1  1 1  1 1  1 1  0  0 -1
6  5 3  1 1  1 1  1 1  0  0 -1
1  2 1  6 5  4 3  4 3  0  0 -1
7  0 1  1 1  1 1  1 1  0  0 -1
0  3 1  3 2  4 3  1 1  0  0 -1

4  2 1  1 1  1 1  1 1  0  0 -1
5  5 3  1 1  1 1  1 1  0  0 -1
6  5 3  1 1  1 1  1 1  0  0 -1
0  3 2  1 1  1 1  1 1  0  0 -1
1  3 2  1 1  1 1  1 1  0  0 -1
3  3 2  1 1  1 1  1 1  0  0 -1
2  3 2  1 1  1 1  1 1  0  0 -1
0  1 1  3 2  1 1  1 1  0  0 -1
1  2 1  6 5  4 3  4 3  0  0 -1
2  2 1  4 3  3 2  4 3  0  0 -1
0  3 1  3 2  4 3  1 1  0  0 -1

4  2 1  1 1  1 1  1 1  0  0 -1
5  5 3  1 1  1 1  1 1  0  0 -1
6  5 3  1 1  1 1  1 1  0  0 -1
0  3 2  1 1  1 1  1 1  0  0 -1
1  3 2  1 1  1 1  1 1  0  0 -1
3  3 2  1 1  1 1  1 1  0  0 -1
7  0 1  1 1  1 1  2 1  0  0 -1
0  1 1  3 2  1 1  1 1  0  0 -1
1  2 1  6 5  4 3  4 3  0  0 -1
2  2 1  4 3  3 2  4 3  0  0 -1
0  3 1  3 2  4 3  1 1  0  0 -1

9  4 1  3 4  2 3  1 2  0  0 -1