21
31 4550
9 69
1 0
1 0
1 0
12 626
1 0
6 79
2 0 0 -1 -1 -1 1 -1 2 
5 150 171 171 156
5 243 263 263 247
5 360 380 279 360
5 620 620 620 620
5 855 855 855 855
5 1541 1315 1297 1224
4 1351 1351 1351 0
2 2574 0 0 0
2 1007 0 0 0
2 1927 0 0 0
3 1765 1765 0 0
2 3214 0 0 0
2 2138 0 0 0
2 3514 0 0 0
2 9000 0 0 0
2 2824 0 0 0
2 15593 0 0 0
2 3584 0 0 0
2 8003 0 0 0
2 3948 0 0 0
2 8176 0 0 0
2 8807 0 0 0
2 0 0 0 0
2 2077 0 0 0
2 7729 0 0 0
1 0 0 0 0
0 0 0 0 0
0 0 0 0 0
0 0 0 0 0
0 0 0 0 0
0 0 0 0 0
0 0 0 0 0
0 0 0 0 0
0 0 0 0 0
1 1 1 1 1 1 1 1 1 1 1 1 1 1 1 1 0 0 0 1 1 1 0 