7878
9 642
20 182
22 4257
9 438
20 3239
17 236
18 1977
15 1301
8 2 3 5 4 8 7 6 1 
3 171 200 0 0
2 218 0 0 0
2 480 0 0 0
2 633 0 0 0
2 879 0 0 0
1 0 0 0 0
0 0 0 0 0
0 0 0 0 0
0 0 0 0 0
0 0 0 0 0
0 0 0 0 0
0 0 0 0 0
2 2304 0 0 0
1 0 0 0 0
2 10787 0 0 0
1 0 0 0 0
0 0 0 0 0
0 0 0 0 0
2 24230 0 0 0
1 0 0 0 0
1 0 0 0 0
1 0 0 0 0
2 0 0 0 0
1 0 0 0 0
1 0 0 0 0
1 0 0 0 0
1 0 0 0 0
2 1847 0 0 0
2 39999 0 0 0
2 13796 0 0 0
2 1108 0 0 0
1 0 0 0 0
0 0 0 0 0
2 31 0 0 0
1 1 1 1 0 0 0 0 0 0 0 0 0 0 0 0 0 1 0 1 1 1 1 1 